jalva desde 0
0 25 50 75 100 125 150 175 200 225 250 275 300 325 350 375 400 425 450 
25 50 75 100 125 150 175 200 225 250 275 300 325 350 375 400 425 450 475 
50 75 -232 -207 150 175 -132 -107 250 275 300 -7 17 42 67 92 450 475 500 
75 100 -207 -182 175 200 -107 -82 275 300 325 350 375 400 425 117 142 500 525 
100 125 -182 -157 200 225 -82 -57 300 325 350 375 400 425 450 142 167 525 550 
125 150 -157 -132 -107 -82 -57 -32 325 350 375 400 92 117 142 167 525 550 575 
150 175 200 -107 -82 -57 -32 -7 350 375 400 92 117 475 500 525 550 575 600 
175 200 225 250 275 300 -7 17 375 400 425 117 142 500 525 550 575 600 625 
200 225 250 275 300 325 17 42 400 425 450 142 167 192 217 242 267 625 650 
225 250 275 300 325 350 375 400 425 450 475 500 525 550 575 600 625 650 675

pache
0 25 50 75 100 125 150 175 200 225 250 275 300 325 350 375 400 425 450 
25 50 75 100 125 150 175 200 225 250 275 300 325 350 375 400 425 450 475 
50 75 90 115 150 175 190 215 250 275 300 315 340 365 390 415 450 475 500 
75 100 115 140 175 200 215 240 275 300 325 350 375 400 425 440 465 500 525 
100 125 140 165 200 225 240 265 300 325 350 375 400 425 450 465 490 525 550 
125 150 165 190 215 240 265 290 325 350 375 400 415 440 465 490 525 550 575 
150 175 200 215 240 265 290 315 350 375 400 415 440 475 500 525 550 575 600 
175 200 225 250 275 300 315 340 375 400 425 440 465 500 525 550 575 600 625 
200 225 250 275 300 325 340 365 400 425 450 465 490 515 540 565 590 625 650 
225 250 275 300 325 350 375 400 425 450 475 500 525 550 575 600 625 650 675 
250 275 300 325 350 375 400 425 450 475 500 525 550 575 600 625 650 675 700 

jalva normal
125 150 175 200 225 250 275 300 325 350 375 400 425 450 475 500 525 550 575 
150 175 200 225 250 275 300 325 350 375 400 425 450 475 500 525 550 575 600 
175 200 -107 -82 275 300 -7 17 375 400 425 117 142 167 192 217 575 600 625 
200 225 -82 -57 300 325 17 42 400 425 450 475 500 525 550 242 267 625 650 
225 250 -57 -32 325 350 42 67 425 450 475 500 525 550 575 267 292 650 675 
250 275 -32 -7 17 42 67 92 450 475 500 525 217 242 267 292 650 675 700 
275 300 325 17 42 67 92 117 475 500 525 217 242 600 625 650 675 700 725 
300 325 350 375 400 425 117 142 500 525 550 242 267 625 650 675 700 725 750 
325 350 375 400 425 450 142 167 525 550 575 267 292 317 342 367 392 750 775 
350 375 400 425 450 475 500 525 550 575 600 625 650 675 700 725 750 775 800 
